<?xml version="1.0" encoding="UTF-8" standalone="no" ?>
<SimscapeMultibodyImportXML version="2.0" xmlns="urn:mathworks:SimscapeMultibody:import" xmlns:xsi="http://www.w3.org/2001/XMLSchema-instance">
<Created by="" on="09/14/22||14:26:00" using="Simscape Multibody Link Version 7.4" from="SolidWorks 28.0.0"/>
<ModelUnits mass="kilogram" length="millimeter"/>
<DataUnits mass="kilogram" length="meter"/>
<RootAssembly name="Part 9 - Final Assembly" uid="Part 9 - Final Assembly" version="541">
<AssemblyFile name="Part 9 - Final Assembly.SLDASM" type="SolidWorks Assembly"/>
<InstanceTree>
<Instance name="hex thin nut chamfered gradeab_iso-1" uid="hex thin nut chamfered gradeab_iso-1" grounded="true" entityUid="hex thin nut chamfered gradeab_iso*:*ISO - 4035 - M3 - S">
<Transform>
<Rotation>0.29712046676230169 -0.95484000137769276 0 0.95484000137769276 0.29712046676230169 0 0 0 1</Rotation>
<Translation>0.040045327970850773 0.0061129667725432976 -0.0058510097516903219</Translation>
</Transform>
</Instance>
<Instance name="hex thin nut chamfered gradeab_iso-2" uid="hex thin nut chamfered gradeab_iso-2" entityUid="hex thin nut chamfered gradeab_iso*:*ISO - 4035 - M3 - S">
<Transform>
<Rotation>-0.99642509430614401 0.08448095310182209 1.1819381508442291e-16 -0.08448095310182209 -0.99642509430614401 0 1.1422723607314413e-16 0 1</Rotation>
<Translation>0.040045327970850725 0.050112966772543607 -0.005851009751690321</Translation>
</Transform>
</Instance>
<Instance name="pan head cross recess screw_iso-1" uid="pan head cross recess screw_iso-1" entityUid="pan head cross recess screw_iso*:*ISO 7045 - M3 x 8 - Z - 8S">
<Transform>
<Rotation>-1.0707694600118366e-16 0.87438174793733026 -0.48523866176764907 0 0.48523866176764907 0.87438174793733026 1 0 -1.0707707618469338e-16</Rotation>
<Translation>0.018069279477255767 0.018591165670706501 -0.0012845126480212318</Translation>
</Transform>
</Instance>
<Instance name="hex thin nut chamfered gradeab_iso-3" uid="hex thin nut chamfered gradeab_iso-3" entityUid="hex thin nut chamfered gradeab_iso*:*ISO - 4035 - M3 - S">
<Transform>
<Rotation>-0.36352214816851725 -0.93158555580845426 0 0.93158555580845426 -0.36352214816851725 0 0 0 0.99999999999999989</Rotation>
<Translation>-0.0039546720291492414 0.0061129667725432976 -0.0058510097516903201</Translation>
</Transform>
</Instance>
<Instance name="pan head cross recess screw_iso-2" uid="pan head cross recess screw_iso-2" entityUid="pan head cross recess screw_iso*:*ISO 7045 - M3 x 20 - Z - 20S">
<Transform>
<Rotation>0 0 -1 0 1 0 1 0 0</Rotation>
<Translation>-0.0039546720291492414 0.0061129667725432968 -0.01305100975169032</Translation>
</Transform>
</Instance>
<Instance name="SG90 - Micro Servo 9g - Tower Pro.1-1" uid="SG90 - Micro Servo 9g - Tower Pro.1-1" entityUid="SG90 - Micro Servo 9g - Tower Pro.1*:*Peça">
<Transform>
<Rotation>0.99999865828944223 0 0.0016381145611125737 0.0016381145611125737 1.1320094838460973e-16 -0.99999865828944223 0 1 1.1312425613635783e-16</Rotation>
<Translation>0.018303717051828525 0.028091562453093848 -0.0010345126480212309</Translation>
</Transform>
</Instance>
<Instance name="pan head cross recess screw_iso-3" uid="pan head cross recess screw_iso-3" entityUid="pan head cross recess screw_iso*:*ISO 7045 - M3 x 20 - Z - 20S">
<Transform>
<Rotation>0 0.76986497865136294 -0.63820679614536879 0 0.63820679614536879 0.76986497865136294 1 0 0</Rotation>
<Translation>0.040045327970850725 0.050112966772543607 -0.01305100975169032</Translation>
</Transform>
</Instance>
<Instance name="Part 08 - Long Servo Mounting Arm-1" uid="Part 08 - Long Servo Mounting Arm-1" entityUid="Part 08 - Long Servo Mounting Arm*:*Default">
<Transform>
<Rotation>0.94579374952444195 -0.29946202395508137 0.12568484224131143 -0.11982210116233945 0.037938682663812076 0.99207021950604712 -0.30185567318428719 -0.95335363457977162 0</Rotation>
<Translation>0.01488452833296877 0.042278153741545352 0.050246087037949805</Translation>
</Transform>
<VisualProperties>
<Ambient r="0" g="0" b="0" a="1"/>
<Diffuse r="0" g="0" b="0" a="1"/>
<Specular r="0" g="0" b="0" a="1"/>
<Emissive r="0" g="0" b="0" a="1"/>
<Shininess>0.10000000149011612</Shininess>
</VisualProperties>
</Instance>
<Instance name="Part 25 - Left Hand Central lever-1" uid="Part 25 - Left Hand Central lever-1" entityUid="Part 25 - Left Hand Central lever*:*Default">
<Transform>
<Rotation>-0.0014780861547434763 -0.99206911840460799 -0.12568484224131141 0.00018725793953491997 0.12568470274336255 -0.99207021950604724 0.99999889009727561 -0.001489900740574089 6.5783740989262985e-16</Rotation>
<Translation>0.027827452606456082 0.032423277339427001 0.085778062708849898</Translation>
</Transform>
<VisualProperties>
<Ambient r="0" g="0" b="0" a="1"/>
<Diffuse r="0" g="0" b="0" a="1"/>
<Specular r="0" g="0" b="0" a="1"/>
<Emissive r="0" g="0" b="0" a="1"/>
<Shininess>0.10000000149011612</Shininess>
</VisualProperties>
</Instance>
<Instance name="hex thin nut chamfered gradeab_iso-7" uid="hex thin nut chamfered gradeab_iso-7" entityUid="hex thin nut chamfered gradeab_iso*:*ISO - 4035 - M3 - S">
<Transform>
<Rotation>0.781756614359291 -0.61078630987970384 -0.12568484224055523 -0.099040324781818539 0.077380188912570855 -0.99207021950614305 0.61566842534972566 0.78800532360345721 -6.1127384524653863e-16</Rotation>
<Translation>-0.010107922587980607 0.047359620912005455 0.025165437351980065</Translation>
</Transform>
</Instance>
<Instance name="pan head cross recess screw_iso-10" uid="pan head cross recess screw_iso-10" entityUid="pan head cross recess screw_iso*:*ISO 7045 - M3 x 8 - Z - 8S">
<Transform>
<Rotation>0.12568484224055518 0.83053053709800406 -0.5426069916418953 0.99207021950614316 -0.10521946680658271 0.068742587774768077 7.4160062436513534e-16 -0.54694413860342206 -0.83716910433159231</Rotation>
<Translation>0.018671831298986148 -0.006333432038950355 0.036165431210436229</Translation>
</Transform>
</Instance>
<Instance name="Part 05 - Rectangular Side Part-1" uid="Part 05 - Rectangular Side Part-1" entityUid="Part 05 - Rectangular Side Part*:*Default">
<Transform>
<Rotation>0.99207021950614316 3.4666241987772277e-15 -0.12568484224055476 -0.12568484224055479 -9.7447912953510314e-16 -0.99207021950614305 -3.561611885488564e-15 0.99999999999999989 -5.3104960841143953e-16</Rotation>
<Translation>0.015000828043969159 0.0516881558821446 0.034771078143774288</Translation>
</Transform>
<VisualProperties>
<Ambient r="0" g="0" b="0" a="1"/>
<Diffuse r="0" g="0" b="0" a="1"/>
<Specular r="0" g="0" b="0" a="1"/>
<Emissive r="0" g="0" b="0" a="1"/>
<Shininess>0.10000000149011612</Shininess>
</VisualProperties>
</Instance>
<Instance name="pan head cross recess screw_iso-9" uid="pan head cross recess screw_iso-9" entityUid="pan head cross recess screw_iso*:*ISO 7045 - M3 x 8 - Z - 8S">
<Transform>
<Rotation>0.12568484224055532 -0.99207021950614316 2.2929185912237657e-14 0.99207021950614316 0.12568484224055532 -3.5965688185223209e-15 6.8619770317643551e-16 2.3199396685614048e-14 0.99999999999999989</Rotation>
<Translation>0.018671831298983473 -0.0063334320389500948 0.055165431208768594</Translation>
</Transform>
</Instance>
<Instance name="SG90 - Micro Servo 9g - Tower Pro.6-1" uid="SG90 - Micro Servo 9g - Tower Pro.6-1" entityUid="SG90 - Micro Servo 9g - Tower Pro.6*:*BS EN ISO 7045 - M2 x 4 - Z - 4S">
<Transform>
<Rotation>-0.12568484224055604 0.95604367384708566 -0.26492227941027102 -0.99207021950614294 -0.12112065855819021 0.033562861014278279 8.3466353299783581e-16 0.26703984677833659 0.96368548823389599</Rotation>
<Translation>0.0262540522107306 0.014529032486169031 0.04566533120876691</Translation>
</Transform>
</Instance>
<Instance name="SG90 - Micro Servo 9g - Tower Pro.5-1" uid="SG90 - Micro Servo 9g - Tower Pro.5-1" entityUid="SG90 - Micro Servo 9g - Tower Pro.5*:*BS EN ISO 7045 - M2 x 8 - Z - 8S">
<Transform>
<Rotation>0.12568484224055593 0.55167285636456376 -0.82453646370644507 0.99207021950614294 -0.069891137297814432 0.10446008087423388 4.0247993664295769e-16 -0.83112711932518557 -0.55608246827446239</Rotation>
<Translation>0.025441834441015321 0.0082815749817704877 0.060115316572954623</Translation>
</Transform>
</Instance>
<Instance name="SG90 - Micro Servo 9g - Tower Pro.5-2" uid="SG90 - Micro Servo 9g - Tower Pro.5-2" entityUid="SG90 - Micro Servo 9g - Tower Pro.5*:*BS EN ISO 7045 - M2 x 8 - Z - 8S">
<Transform>
<Rotation>6.10622663543836e-16 -1 2.4198279463463422e-14 2.90604416574739e-16 -2.4198279463463422e-14 -1 1 6.10622663543843e-16 2.9060441657472421e-16</Rotation>
<Translation>0.014465557860472652 0.038450459080584233 0.014065487351978802</Translation>
</Transform>
</Instance>
<Instance name="Part 12 - Cradle Ends-1" uid="Part 12 - Cradle Ends-1" entityUid="Part 12 - Cradle Ends*:*Default">
<Transform>
<Rotation>-0.12568484224055496 2.5111976743934475e-15 -0.99207021950614305 -0.99207021950614316 -9.6213429580555037e-16 0.12568484224055493 -6.3888529849321184e-16 0.99999999999999989 2.6122101252413704e-15</Rotation>
<Translation>-0.01200777358991903 0.031170432428752979 0.02516548735197895</Translation>
</Transform>
<VisualProperties>
<Ambient r="0" g="0" b="0" a="1"/>
<Diffuse r="0" g="0" b="0" a="1"/>
<Specular r="0" g="0" b="0" a="1"/>
<Emissive r="0" g="0" b="0" a="1"/>
<Shininess>0.10000000149011612</Shininess>
</VisualProperties>
</Instance>
<Instance name="SG90 - Micro Servo 9g - Tower Pro.1-2" uid="SG90 - Micro Servo 9g - Tower Pro.1-2" entityUid="SG90 - Micro Servo 9g - Tower Pro.1*:*Peça">
<Transform>
<Rotation>-0.99207021950614316 -0.12568484224055496 2.2606913132398141e-15 0.12568484224055496 -0.99207021950614316 -8.0482192387752575e-16 2.3439184438957402e-15 -5.143052316253939e-16 1</Rotation>
<Translation>0.026434033196368976 0.059311627754812669 0.045665437350309875</Translation>
</Transform>
</Instance>
<Instance name="Part 03 - Right Hand Side-1" uid="Part 03 - Right Hand Side-1" entityUid="Part 03 - Right Hand Side*:*Default">
<Transform>
<Rotation>-0.99207021950614305 8.2186123894647535e-16 0.12568484224055526 0.12568484224055529 -7.9208799992296131e-16 0.99207021950614294 9.1489751503617498e-16 0.99999999999999989 6.825114157911389e-16</Rotation>
<Translation>0.0089661674983480474 0.0042201100569256769 0.037009508396609825</Translation>
</Transform>
<VisualProperties>
<Ambient r="0" g="0" b="0" a="1"/>
<Diffuse r="0" g="0" b="0" a="1"/>
<Specular r="0" g="0" b="0" a="1"/>
<Emissive r="0" g="0" b="0" a="1"/>
<Shininess>0.10000000149011612</Shininess>
</VisualProperties>
</Instance>
<Instance name="pan head cross recess screw_iso-12" uid="pan head cross recess screw_iso-12" entityUid="pan head cross recess screw_iso*:*ISO 7045 - M3 x 6 - Z - 6S">
<Transform>
<Rotation>0.12568484224055482 6.1878211154754386e-13 -0.99207021950614294 0.99207021950614305 -7.7703320899462708e-14 0.12568484224055476 6.8438145004419625e-16 -0.99999999999999989 -6.2364143485826258e-13</Rotation>
<Translation>0.027624029559637435 0.025342697085812261 0.045665331208766896</Translation>
</Transform>
</Instance>
<Instance name="pan head cross recess screw_iso-7" uid="pan head cross recess screw_iso-7" entityUid="pan head cross recess screw_iso*:*ISO 7045 - M3 x 12 - Z - 12S">
<Transform>
<Rotation>0.12568484224055407 -0.31544238061056556 -0.94058461870567811 0.99207021950614327 0.039963225448658886 0.1191621591813971 8.0127666697150055e-16 -0.94810286632120178 0.31796376345980248</Rotation>
<Translation>-0.015355715381455266 0.0035214619434850336 0.025164149308769788</Translation>
</Transform>
</Instance>
<Instance name="hex thin nut chamfered gradeab_iso-6" uid="hex thin nut chamfered gradeab_iso-6" entityUid="hex thin nut chamfered gradeab_iso*:*ISO - 4035 - M3 - S">
<Transform>
<Rotation>-0.8464560811552766 -0.51741223710521056 -0.12568484224055446 0.10723706541308976 0.065550677880718888 -0.99207021950614305 0.52154799824833042 -0.85322194388280914 -6.0368376963992887e-16</Rotation>
<Translation>0.036486847200453795 0.0069831883747657831 0.025165866808766119</Translation>
</Transform>
</Instance>
<Instance name="pan head cross recess screw_iso-11" uid="pan head cross recess screw_iso-11" entityUid="pan head cross recess screw_iso*:*ISO 7045 - M3 x 6 - Z - 6S">
<Transform>
<Rotation>0.12568484224055523 0.83053053709801195 -0.54260699164188297 0.99207021950614305 -0.10521946680658392 0.068742587774766245 3.8709454462579916e-16 -0.54694413860340974 -0.83716910433160041</Rotation>
<Translation>-0.011522396912280216 1.1841395869590157e-05 0.062569143308769407</Translation>
</Transform>
</Instance>
<Instance name="Part 12 - Cradle Ends-2" uid="Part 12 - Cradle Ends-2" entityUid="Part 12 - Cradle Ends*:*Default">
<Transform>
<Rotation>-0.12568484224055496 -2.5122964799125071e-15 0.99207021950614305 -0.99207021950614316 9.534610762428913e-16 -0.12568484224055493 -6.3014275245954338e-16 -0.99999999999999989 -2.6122101252414083e-15</Rotation>
<Translation>0.038290186539042773 0.024798210927156811 0.025165487351978776</Translation>
</Transform>
<VisualProperties>
<Ambient r="0" g="0" b="0" a="1"/>
<Diffuse r="0" g="0" b="0" a="1"/>
<Specular r="0" g="0" b="0" a="1"/>
<Emissive r="0" g="0" b="0" a="1"/>
<Shininess>0.10000000149011612</Shininess>
</VisualProperties>
</Instance>
<Instance name="Part 19 - Collar-2" uid="Part 19 - Collar-2" entityUid="Part 19 - Collar*:*Default">
<Transform>
<Rotation>0.99207021950614305 7.1860318897086735e-16 -0.12568484224055526 -0.12568484224055529 -7.7900629313726115e-16 -0.99207021950614294 -8.1081410647749921e-16 0.99999999999999989 -6.8251141578998598e-16</Rotation>
<Translation>0.01946329579209299 -0.0023513299333036185 0.046042463748437776</Translation>
</Transform>
<VisualProperties>
<Ambient r="0" g="0" b="0" a="1"/>
<Diffuse r="0" g="0" b="0" a="1"/>
<Specular r="0" g="0" b="0" a="1"/>
<Emissive r="0" g="0" b="0" a="1"/>
<Shininess>0.10000000149011612</Shininess>
</VisualProperties>
</Instance>
<Instance name="pan head cross recess screw_iso-8" uid="pan head cross recess screw_iso-8" entityUid="pan head cross recess screw_iso*:*ISO 7045 - M3 x 12 - Z - 12S">
<Transform>
<Rotation>0.12568484224055421 0.83053053709803271 -0.54260699164185133 0.99207021950614316 -0.10521946680658548 0.068742587774761985 7.4852243811065539e-16 -0.54694413860337787 -0.83716910433162117</Rotation>
<Translation>0.035236270451675517 -0.0028880095163464738 0.025165866808766084</Translation>
</Transform>
</Instance>
<Instance name="Part 26 - Straight Lever-1" uid="Part 26 - Straight Lever-1" entityUid="Part 26 - Straight Lever*:*Default">
<Transform>
<Rotation>-0.0024078326939055484 0.99206729750178491 -0.1256848422413113 0.00030504702825164313 -0.12568447205416372 -0.99207021950604712 -0.9999970546396767 -0.0024270788967987035 -2.8449330998716386e-16</Rotation>
<Translation>-0.0042335357778631299 0.041978629451401031 0.095968184841199414</Translation>
</Transform>
<VisualProperties>
<Ambient r="0" g="0" b="0" a="1"/>
<Diffuse r="0" g="0" b="0" a="1"/>
<Specular r="0" g="0" b="0" a="1"/>
<Emissive r="0" g="0" b="0" a="1"/>
<Shininess>0.10000000149011612</Shininess>
</VisualProperties>
</Instance>
<Instance name="pan head cross recess screw_iso-14" uid="pan head cross recess screw_iso-14" entityUid="pan head cross recess screw_iso*:*ISO 7045 - M3 x 8 - Z - 8S">
<Transform>
<Rotation>-0.12568484224055532 -0.24928959389246788 0.96023852183084979 -0.99207021950614316 0.031582364498537699 -0.12165210159185401 -4.0304794627127423e-16 -0.96791386632778942 -0.25128220663308021</Rotation>
<Translation>0.026713471960153813 0.059528224099338348 0.055165437350308488</Translation>
</Transform>
</Instance>
<Instance name="Part 26 - Straight Lever-2" uid="Part 26 - Straight Lever-2" entityUid="Part 26 - Straight Lever*:*Default">
<Transform>
<Rotation>0.0089414634988066073 -0.99202992427712389 0.12568484224131141 -0.0011327891989479616 0.1256797372604434 0.99207021950604712 -0.99995938268468187 -0.0090129340877288175 -4.3066695803074849e-16</Rotation>
<Translation>-0.011281725380848961 0.0037613252160782944 0.10230649851369031</Translation>
</Transform>
<VisualProperties>
<Ambient r="0" g="0" b="0" a="1"/>
<Diffuse r="0" g="0" b="0" a="1"/>
<Specular r="0" g="0" b="0" a="1"/>
<Emissive r="0" g="0" b="0" a="1"/>
<Shininess>0.10000000149011612</Shininess>
</VisualProperties>
</Instance>
<Instance name="Part 24 - Central lever RHS-1" uid="Part 24 - Central lever RHS-1" entityUid="Part 24 - Central lever RHS*:*Default">
<Transform>
<Rotation>-0.0014780861547422873 -0.99206911840460799 -0.12568484224131077 0.00018725793953592267 0.12568470274336199 -0.99207021950604735 0.99999889009727561 -0.001489900740573036 1.8028514653539708e-15</Rotation>
<Translation>0.025435374610328073 0.011558371158961397 0.087151269663668721</Translation>
</Transform>
<VisualProperties>
<Ambient r="0" g="0" b="0" a="1"/>
<Diffuse r="0" g="0" b="0" a="1"/>
<Specular r="0" g="0" b="0" a="1"/>
<Emissive r="0" g="0" b="0" a="1"/>
<Shininess>0.10000000149011612</Shininess>
</VisualProperties>
</Instance>
<Instance name="hex thin nut chamfered gradeab_iso-5" uid="hex thin nut chamfered gradeab_iso-5" entityUid="hex thin nut chamfered gradeab_iso*:*ISO - 4035 - M3 - S">
<Transform>
<Rotation>0.19222354746952508 -0.97326945304432433 0.12568484224055421 -0.024352697786506502 0.12330298325487535 0.99207021950614316 -0.9810489559184854 -0.19376002191177022 6.7543826106812684e-16</Rotation>
<Translation>-0.013878905916643956 0.015178386229708397 0.025164149308769777</Translation>
</Transform>
</Instance>
<Instance name="Part 10 - the Pig-1" uid="Part 10 - the Pig-1" entityUid="Part 10 - the Pig*:*Default">
<Transform>
<Rotation>0.99207021950614327 2.6154543860327151e-15 -0.12568484224055454 -0.12568484224055457 -1.0148636956775739e-15 -0.99207021950614316 -2.7222673903466823e-15 0.99999999999999989 -6.7809307744377806e-16</Rotation>
<Translation>0.017061366527337758 0.030763247497588252 0.0319754968585041</Translation>
</Transform>
<VisualProperties>
<Ambient r="0" g="0" b="0" a="1"/>
<Diffuse r="0" g="0" b="0" a="1"/>
<Specular r="0" g="0" b="0" a="1"/>
<Emissive r="0" g="0" b="0" a="1"/>
<Shininess>0.10000000149011612</Shininess>
</VisualProperties>
</Instance>
<Instance name="pan head cross recess screw_iso-13" uid="pan head cross recess screw_iso-13" entityUid="pan head cross recess screw_iso*:*ISO 7045 - M3 x 12 - Z - 12S">
<Transform>
<Rotation>-0.12568484224055537 0.99207021950614316 -6.1893133705330746e-13 -0.99207021950614316 -0.12568484224055537 7.7877408948803367e-14 -5.3042926487191468e-16 6.238113572675387e-13 1</Rotation>
<Translation>-0.0087002523548863897 0.058470807370474227 0.025165437351980069</Translation>
</Transform>
</Instance>
<Instance name="SG90 - Micro Servo 9g - Tower Pro.2-1" uid="SG90 - Micro Servo 9g - Tower Pro.2-1" entityUid="SG90 - Micro Servo 9g - Tower Pro.2*:*Peça">
<Transform>
<Rotation>0.94583528271295747 -0.12568484224131127 -0.2993308176684733 -0.11982736297964185 -0.99207021950604735 0.037922060209968467 -0.30172341814424231 -1.7217213557961526e-16 -0.95339549974989646</Rotation>
<Translation>0.02889124465557865 0.03773166918567214 0.04566543735030984</Translation>
</Transform>
</Instance>
<Instance name="hex thin nut chamfered gradeab_iso-8" uid="hex thin nut chamfered gradeab_iso-8" entityUid="hex thin nut chamfered gradeab_iso*:*ISO - 4035 - M3 - S">
<Transform>
<Rotation>-0.97497692353793131 0.18336662455168254 -0.12568484224055529 0.1235193017728602 -0.023230618988274259 -0.99207021950614305 -0.18483230415177995 -0.9827700745046849 -5.4470317145671743e-16</Rotation>
<Translation>0.040487559399811059 0.040949706526221319 0.025165437351976305</Translation>
</Transform>
</Instance>
<Instance name="SG90 - Micro Servo 9g - Tower Pro.2-2" uid="SG90 - Micro Servo 9g - Tower Pro.2-2" entityUid="SG90 - Micro Servo 9g - Tower Pro.2*:*Peça">
<Transform>
<Rotation>0.001411990560648714 0.12568484224131193 0.99206921467881137 -0.00017888432428864095 0.99207021950604746 -0.12568471494029021 -0.99999898714101465 -1.8656362280559556e-15 0.0014232768335209034</Rotation>
<Translation>0.026216346758066028 0.014231411420297581 0.045665331208768672</Translation>
</Transform>
</Instance>
<Instance name="SG90 - Micro Servo 9g - Tower Pro.6-2" uid="SG90 - Micro Servo 9g - Tower Pro.6-2" entityUid="SG90 - Micro Servo 9g - Tower Pro.6*:*BS EN ISO 7045 - M2 x 4 - Z - 4S">
<Transform>
<Rotation>0.12568484224055432 0.086835008585055745 -0.98826261778689184 0.99207021950614316 -0.011001080508597537 0.12520245922774995 8.0521777661347368e-16 -0.99616196349372654 -0.087529095095992798</Rotation>
<Translation>0.028853539202880939 0.037434048119841898 0.045665437350308126</Translation>
</Transform>
</Instance>
<Instance name="pan head cross recess screw_iso-18" uid="pan head cross recess screw_iso-18" entityUid="pan head cross recess screw_iso*:*ISO 7045 - M3 x 6 - Z - 6S">
<Transform>
<Rotation>-0.12568484224055421 0.87541535696639616 0.46674540513899448 -0.99207021950614327 -0.11090590048157202 -0.059131724204564091 -6.2164988177169677e-16 -0.47047617795778846 0.88241269595027427</Rotation>
<Translation>-0.0035406005809448318 0.045670816231192193 0.13622992464581904</Translation>
</Transform>
</Instance>
<Instance name="Part 19 - Collar-3" uid="Part 19 - Collar-3" entityUid="Part 19 - Collar*:*Default">
<Transform>
<Rotation>0.99207021950614316 2.2612302061822578e-15 -0.12568484224055476 -0.12568484224055479 -8.0056827140676927e-16 -0.99207021950614305 -2.3439184438957067e-15 0.99999999999999989 -5.1001757901057288e-16</Rotation>
<Translation>0.026524594683783018 0.055772178492837374 0.046042469889979031</Translation>
</Transform>
<VisualProperties>
<Ambient r="0" g="0" b="0" a="1"/>
<Diffuse r="0" g="0" b="0" a="1"/>
<Specular r="0" g="0" b="0" a="1"/>
<Emissive r="0" g="0" b="0" a="1"/>
<Shininess>0.10000000149011612</Shininess>
</VisualProperties>
</Instance>
<Instance name="Part 11 - Central Section Of Central Lever-1" uid="Part 11 - Central Section Of Central Lever-1" entityUid="Part 11 - Central Section Of Central Lever*:*Default">
<Transform>
<Rotation>-0.0014780861547434999 -0.12568484224131143 0.99206911840460799 0.00018725793953493238 -0.99207021950604735 -0.12568470274336258 0.99999889009727561 6.671757964494048e-16 0.0014899007405741141</Rotation>
<Translation>0.027003498573563239 0.022103909083746223 0.084958388631817608</Translation>
</Transform>
<VisualProperties>
<Ambient r="0" g="0" b="0" a="1"/>
<Diffuse r="0" g="0" b="0" a="1"/>
<Specular r="0" g="0" b="0" a="1"/>
<Emissive r="0" g="0" b="0" a="1"/>
<Shininess>0.10000000149011612</Shininess>
</VisualProperties>
</Instance>
<Instance name="pan head cross recess screw_iso-16" uid="pan head cross recess screw_iso-16" entityUid="pan head cross recess screw_iso*:*ISO 7045 - M3 x 12 - Z - 12S">
<Transform>
<Rotation>-0.12568484224055537 0.99207021950614316 -6.1893133705330746e-13 -0.99207021950614316 -0.12568484224055537 7.7877408948803367e-14 -5.3042926487191468e-16 6.238113572675387e-13 1</Rotation>
<Translation>0.04189522963290529 0.052060892984690091 0.025165437351976287</Translation>
</Transform>
</Instance>
<Instance name="Part 13 - Cradle Base-1" uid="Part 13 - Cradle Base-1" entityUid="Part 13 - Cradle Base*:*Default">
<Transform>
<Rotation>-0.12568484224055496 0.99207021950614316 5.9818597201515731e-16 -0.99207021950614316 -0.12568484224055496 -5.9603294154391094e-16 -5.161236216271215e-16 -6.6835479479069285e-16 1</Rotation>
<Translation>0.013147469726052484 0.028080532052021295 0.017015487351978806</Translation>
</Transform>
<VisualProperties>
<Ambient r="0" g="0" b="0" a="1"/>
<Diffuse r="0" g="0" b="0" a="1"/>
<Specular r="0" g="0" b="0" a="1"/>
<Emissive r="0" g="0" b="0" a="1"/>
<Shininess>0.10000000149011612</Shininess>
</VisualProperties>
</Instance>
<Instance name="SG90 - Micro Servo 9g - Tower Pro.6-3" uid="SG90 - Micro Servo 9g - Tower Pro.6-3" entityUid="SG90 - Micro Servo 9g - Tower Pro.6*:*BS EN ISO 7045 - M2 x 4 - Z - 4S">
<Transform>
<Rotation>-1.41698942513541e-16 0.52938542374305531 0.84838144317776409 -4.2900568540336655e-16 0.84838144317776409 -0.52938542374305531 -1 -4.3897381724044777e-16 1.068946032090401e-16</Rotation>
<Translation>0.013153723961638058 0.028083126163104009 0.02036548735197875</Translation>
</Transform>
</Instance>
<Instance name="pan head cross recess screw_iso-19" uid="pan head cross recess screw_iso-19" entityUid="pan head cross recess screw_iso*:*ISO 7045 - M3 x 6 - Z - 6S">
<Transform>
<Rotation>-0.12568484224055501 -0.99193665053425317 0.016278874588058871 -0.99207021950614305 0.12566792045938452 -0.0020623618613127693 -3.0250214507562932e-16 -0.016408994311070572 -0.99986536338934118</Rotation>
<Translation>0.029240233717123244 0.039048246721407956 0.12566508999375653</Translation>
</Transform>
</Instance>
<Instance name="Part 14-1" uid="Part 14-1" entityUid="Part 14*:*Default">
<Transform>
<Rotation>0.0090279732072177255 0.99202914076691151 -0.12568484224055529 -0.0011437490673449114 -0.12567963799718804 -0.99207021950614294 -0.99995859291164679 0.0091001352824720966 -3.0748039651609614e-16</Rotation>
<Translation>0.015949818895522008 0.0036377529689318919 0.13617386831211648</Translation>
</Transform>
<VisualProperties>
<Ambient r="0" g="0" b="0" a="1"/>
<Diffuse r="0" g="0" b="0" a="1"/>
<Specular r="0" g="0" b="0" a="1"/>
<Emissive r="0" g="0" b="0" a="1"/>
<Shininess>0.10000000149011612</Shininess>
</VisualProperties>
</Instance>
<Instance name="Part 07-1" uid="Part 07-1" entityUid="Part 07*:*Default">
<Transform>
<Rotation>0.94950299485998846 -0.28748457903457941 0.12568484224131143 -0.12029202345782461 0.036421266612317586 0.99207021950604701 -0.2897824905758366 -0.95709252852358273 -8.0491169285323849e-16</Rotation>
<Translation>0.056739862838953721 0.0042660449483613652 0.11574597384360363</Translation>
</Transform>
<VisualProperties>
<Ambient r="0" g="0" b="0" a="1"/>
<Diffuse r="0" g="0" b="0" a="1"/>
<Specular r="0" g="0" b="0" a="1"/>
<Emissive r="0" g="0" b="0" a="1"/>
<Shininess>0.10000000149011612</Shininess>
</VisualProperties>
</Instance>
<Instance name="SG90 - Micro Servo 9g - Tower Pro.5-4" uid="SG90 - Micro Servo 9g - Tower Pro.5-4" entityUid="SG90 - Micro Servo 9g - Tower Pro.5*:*BS EN ISO 7045 - M2 x 8 - Z - 8S">
<Transform>
<Rotation>-0.12568484224131143 -0.42333196759434349 -0.89721422505635673 -0.99207021950604724 0.053631699164692639 0.11366758734983007 -1.0040645214977853e-16 0.9043858059796217 -0.42671572966389498</Rotation>
<Translation>0.015978109165859868 0.04541496182489331 0.050025291882838135</Translation>
</Transform>
</Instance>
<Instance name="Part 06-1" uid="Part 06-1" entityUid="Part 06*:*Default">
<Transform>
<Rotation>0.94380306737813435 -0.30567808301937782 0.12568484224131141 -0.11956990271248008 0.03872619184158696 0.99207021950604724 -0.3081214182314384 -0.95134704058353325 -5.4926108302336817e-16</Rotation>
<Translation>0.047194419125291973 0.032691268317444552 0.11978478914346717</Translation>
</Transform>
<VisualProperties>
<Ambient r="0" g="0" b="0" a="1"/>
<Diffuse r="0" g="0" b="0" a="1"/>
<Specular r="0" g="0" b="0" a="1"/>
<Emissive r="0" g="0" b="0" a="1"/>
<Shininess>0.10000000149011612</Shininess>
</VisualProperties>
</Instance>
<Instance name="SG90 - Micro Servo 9g - Tower Pro.1-3" uid="SG90 - Micro Servo 9g - Tower Pro.1-3" entityUid="SG90 - Micro Servo 9g - Tower Pro.1*:*Peça">
<Transform>
<Rotation>-0.99207021950614316 0.12568484224055532 0 0.12568484224055532 0.99207021950614316 6.7693973207097717e-16 0 6.780865101848153e-16 -0.99999999999999989</Rotation>
<Translation>0.018455234956322907 -0.0060539932737231367 0.045665331208768631</Translation>
</Transform>
</Instance>
<Instance name="SG90 - Micro Servo 9g - Tower Pro.3-1" uid="SG90 - Micro Servo 9g - Tower Pro.3-1" entityUid="SG90 - Micro Servo 9g - Tower Pro.3*:*Peça">
<Transform>
<Rotation>-0.12553434438532976 5.9914240050987686e-16 -0.9920892744001143 -0.99208927440011441 -5.9615455274002622e-16 0.12553434438532973 -5.1622558921671724e-16 0.99999999999999989 6.6924062031473508e-16</Rotation>
<Translation>0.013153723961616603 0.028083126163114092 0.020065487351978804</Translation>
</Transform>
</Instance>
<Instance name="pan head cross recess screw_iso-17" uid="pan head cross recess screw_iso-17" entityUid="pan head cross recess screw_iso*:*ISO 7045 - M3 x 6 - Z - 6S">
<Transform>
<Rotation>0.12568484224055376 6.3540421875892573e-13 -0.99207021950614316 0.99207021950614316 -7.9683927141212502e-14 0.12568484224055376 8.0862790360370729e-16 -1 -6.4038066459114785e-13</Rotation>
<Translation>-0.0047135689659392735 0.037957072281305022 0.056230160274644836</Translation>
</Transform>
</Instance>
<Instance name="pan head cross recess screw_iso-15" uid="pan head cross recess screw_iso-15" entityUid="pan head cross recess screw_iso*:*ISO 7045 - M3 x 8 - Z - 8S">
<Transform>
<Rotation>-0.12568484224055487 -0.67382616324031064 0.72812198302469155 -0.99207021950614316 0.085366674010813506 -0.092245382200762005 -4.2985917626520189e-16 -0.73394198183587622 -0.67921216663044715</Rotation>
<Translation>0.026713471960152481 0.059528224099338535 0.03616543735197749</Translation>
</Transform>
</Instance>
<Instance name="pan head cross recess screw_iso-20" uid="pan head cross recess screw_iso-20" entityUid="pan head cross recess screw_iso*:*ISO 7045 - M3 x 6 - Z - 6S">
<Transform>
<Rotation>0.12568484224055546 0.79187289969746544 0.59761244226981636 0.99207021950614305 -0.10032195152737483 -0.075711198714406749 3.1160330514798865e-16 0.60238925684848255 -0.79820247007481326</Rotation>
<Translation>-0.012237713992179157 0.00010246453178408522 0.14256589392354407</Translation>
</Transform>
</Instance>
<Instance name="Part 04-1" uid="Part 04-1" entityUid="Part 04*:*Default">
<Transform>
<Rotation>-0.97273129583873397 -0.19492856775461281 -0.12568484224055515 0.12323480440810161 0.024695395350756686 -0.99207021950614316 0.19648666386906477 -0.98050649713380533 -3.0767688416104398e-16</Rotation>
<Translation>0.024992073480907817 0.0055161740950740732 0.12566508999375658</Translation>
</Transform>
<VisualProperties>
<Ambient r="0" g="0" b="0" a="1"/>
<Diffuse r="0" g="0" b="0" a="1"/>
<Specular r="0" g="0" b="0" a="1"/>
<Emissive r="0" g="0" b="0" a="1"/>
<Shininess>0.10000000149011612</Shininess>
</VisualProperties>
</Instance>
<Instance name="SG90 - Micro Servo 9g - Tower Pro.5-3" uid="SG90 - Micro Servo 9g - Tower Pro.5-3" entityUid="SG90 - Micro Servo 9g - Tower Pro.5*:*BS EN ISO 7045 - M2 x 8 - Z - 8S">
<Transform>
<Rotation>4.4408920985006262e-16 0.56283020728607569 -0.82657253630054339 1.8938181858986365e-16 0.82657253630054339 0.56283020728607558 1 -4.163336342344337e-16 2.7755575615628914e-16</Rotation>
<Translation>0.01184189006280343 0.017715793245623845 0.014065487351978791</Translation>
</Transform>
</Instance>
<Instance name="Part 19 - Collar-1" uid="Part 19 - Collar-1" entityUid="Part 19 - Collar*:*Default">
<Transform>
<Rotation>-0.99999865828944234 0.0016381145611125184 0 -0.0016381145611125184 -0.99999865828944234 0 0 0 0.99999999999999989</Rotation>
<Translation>0.017769636914924888 0.02771365452193256 0.002465487351978767</Translation>
</Transform>
<VisualProperties>
<Ambient r="0" g="0" b="0" a="1"/>
<Diffuse r="0" g="0" b="0" a="1"/>
<Specular r="0" g="0" b="0" a="1"/>
<Emissive r="0" g="0" b="0" a="1"/>
<Shininess>0.10000000149011612</Shininess>
</VisualProperties>
</Instance>
<Instance name="Part 27 - Sticky Foot-2" uid="Part 27 - Sticky Foot-2" entityUid="Part 27 - Sticky Foot*:*Default">
<Transform>
<Rotation>1 0 0 0 0 -1 0 1 0</Rotation>
<Translation>-0.075905461186044076 0.066346760763860091 -0.015651009751690322</Translation>
</Transform>
</Instance>
<Instance name="hex thin nut chamfered gradeab_iso-4" uid="hex thin nut chamfered gradeab_iso-4" entityUid="hex thin nut chamfered gradeab_iso*:*ISO - 4035 - M3 - S">
<Transform>
<Rotation>-0.1516147735193217 -0.98843965948897705 0 0.98843965948897705 -0.1516147735193217 0 0 0 1</Rotation>
<Translation>-0.0039546720291492405 0.050112966772543295 -0.0058510097516903201</Translation>
</Transform>
</Instance>
<Instance name="Part 17 - Base-1" uid="Part 17 - Base-1" grounded="true" entityUid="Part 17 - Base*:*Default">
<Transform>
<Rotation>1 0 0 0 1 0 0 0 1</Rotation>
<Translation>-0.018571251385103255 0.028114837996313181 -0.0093010097516903218</Translation>
</Transform>
<VisualProperties>
<Ambient r="0" g="0" b="0" a="1"/>
<Diffuse r="0" g="0" b="0" a="1"/>
<Specular r="0" g="0" b="0" a="1"/>
<Emissive r="0" g="0" b="0" a="1"/>
<Shininess>0.10000000149011612</Shininess>
</VisualProperties>
</Instance>
<Instance name="Part 27 - Sticky Foot-1" uid="Part 27 - Sticky Foot-1" entityUid="Part 27 - Sticky Foot*:*Default">
<Transform>
<Rotation>1 0 0 0 0 -1 0 1 0</Rotation>
<Translation>0.051285474231644507 -0.0098907366796538165 -0.015651009751690318</Translation>
</Transform>
</Instance>
<Instance name="Part 27 - Sticky Foot-3" uid="Part 27 - Sticky Foot-3" entityUid="Part 27 - Sticky Foot*:*Default">
<Transform>
<Rotation>1 0 0 0 0 -1 0 1 0</Rotation>
<Translation>-0.075914075357954483 -0.0099028910440220053 -0.015651009751690318</Translation>
</Transform>
</Instance>
<Instance name="Part 18 - Square Servo Mount-1" uid="Part 18 - Square Servo Mount-1" entityUid="Part 18 - Square Servo Mount*:*Default">
<Transform>
<Rotation>0.70748211796471816 0.70673124507138996 0 -0.70673124507138996 0.70748211796471816 0 0 0 1</Rotation>
<Translation>0.019043022911716268 0.028709278993284765 0.0079654873519787624</Translation>
</Transform>
<VisualProperties>
<Ambient r="0" g="0" b="0" a="1"/>
<Diffuse r="0" g="0" b="0" a="1"/>
<Specular r="0" g="0" b="0" a="1"/>
<Emissive r="0" g="0" b="0" a="1"/>
<Shininess>0.10000000149011612</Shininess>
</VisualProperties>
</Instance>
<Instance name="pan head cross recess screw_iso-6" uid="pan head cross recess screw_iso-6" entityUid="pan head cross recess screw_iso*:*ISO 7045 - M3 x 20 - Z - 20S">
<Transform>
<Rotation>-1.0988235445815552e-16 0.89932000939716028 -0.43729111664644138 0 0.43729111664644138 0.89932000939716028 1 0 -1.0969749569766412e-16</Rotation>
<Translation>0.040045327970850725 0.0061129667725434364 -0.013051009751690318</Translation>
</Transform>
</Instance>
<Instance name="Part 27 - Sticky Foot-4" uid="Part 27 - Sticky Foot-4" entityUid="Part 27 - Sticky Foot*:*Default">
<Transform>
<Rotation>1 0 0 0 0 -1 0 1 0</Rotation>
<Translation>0.051294753380564662 0.066349683023721462 -0.015651009751690318</Translation>
</Transform>
</Instance>
<Instance name="pan head cross recess screw_iso-4" uid="pan head cross recess screw_iso-4" entityUid="pan head cross recess screw_iso*:*ISO 7045 - M3 x 8 - Z - 8S">
<Transform>
<Rotation>0 0.41636775407005111 -0.90919628979151768 0 0.90919628979151768 0.41636775407005111 1 0 0</Rotation>
<Translation>0.018038155300597419 0.037591140176536947 -0.0012845126480212318</Translation>
</Transform>
</Instance>
<Instance name="pan head cross recess screw_iso-5" uid="pan head cross recess screw_iso-5" entityUid="pan head cross recess screw_iso*:*ISO 7045 - M3 x 20 - Z - 20S">
<Transform>
<Rotation>0 -0.31704152882791137 -0.94841165587442078 0 0.94841165587442078 -0.31704152882791137 1 0 0</Rotation>
<Translation>-0.0039546720291492414 0.050112966772543295 -0.013051009751690318</Translation>
</Transform>
</Instance>
<Instance name="pan head cross recess screw_iso-32" uid="pan head cross recess screw_iso-32" entityUid="pan head cross recess screw_iso*:*ISO 7045 - M3 x 8 - Z - 8S">
<Transform>
<Rotation>0.00013789027912221866 -0.71147795996665486 0.70270839860354439 -1.7469245258046583e-05 0.70270840346303776 0.71147796831472854 -0.99999999034054809 -0.00011038168100032145 8.4467674916694787e-05</Rotation>
<Translation>0.11721863423834299 0.018729438189485713 0.10833334373768636</Translation>
</Transform>
</Instance>
<Instance name="pan head cross recess screw_iso-37" uid="pan head cross recess screw_iso-37" entityUid="pan head cross recess screw_iso*:*ISO 7045 - M3 x 6 - Z - 6S">
<Transform>
<Rotation>0.00013789027912221365 0.99995596957605781 0.0093829577147685056 -1.7469245258078672e-05 0.0093829602112723842 -0.99995597890732124 -0.99999999034054809 0.00013772029585189144 1.8762295082328985e-05</Rotation>
<Translation>0.12673839455941738 0.018279363055585425 0.10283466422945288</Translation>
</Transform>
</Instance>
<Instance name="Part 26 - Straight Lever-3" uid="Part 26 - Straight Lever-3" entityUid="Part 26 - Straight Lever*:*Default">
<Transform>
<Rotation>0.94663436078132146 0.29679404882664923 -0.12568484224131138 -0.11992859775011111 -0.037600678330521775 -0.99207021950604712 -0.29916637249168032 0.9542009649807367 4.8572257327350599e-16</Rotation>
<Translation>0.072987020611806272 -0.00056427992918717219 0.13082158326502277</Translation>
</Transform>
<VisualProperties>
<Ambient r="0" g="0" b="0" a="1"/>
<Diffuse r="0" g="0" b="0" a="1"/>
<Specular r="0" g="0" b="0" a="1"/>
<Emissive r="0" g="0" b="0" a="1"/>
<Shininess>0.10000000149011612</Shininess>
</VisualProperties>
</Instance>
<Instance name="pan head cross recess screw_iso-21" uid="pan head cross recess screw_iso-21" entityUid="pan head cross recess screw_iso*:*ISO 7045 - M3 x 12 - Z - 12S">
<Transform>
<Rotation>0.12568484224055543 0.31096138746312563 0.94207554683155581 0.99207021950614316 -0.039395530838193325 -0.11935104406334396 3.0824349138714151e-16 0.94960571168089802 -0.31344695299685904</Rotation>
<Translation>0.024105995343111874 -0.0014779209524441539 0.12566508999375656</Translation>
</Transform>
</Instance>
<Instance name="pan head cross recess screw_iso-31" uid="pan head cross recess screw_iso-31" entityUid="pan head cross recess screw_iso*:*ISO 7045 - M3 x 8 - Z - 8S">
<Transform>
<Rotation>0.00013789027912204378 0.84190447860891049 -0.53962656521387953 -1.7469245257911743e-05 -0.53962656823368371 -0.84190448778419236 -0.99999999034054832 0.00012551731363006938 -5.9701822294859879e-05</Rotation>
<Translation>0.088097589287762262 0.0052829343074757701 0.10832956312890746</Translation>
</Transform>
</Instance>
<Instance name="Part 04-4" uid="Part 04-4" entityUid="Part 04*:*Default">
<Transform>
<Rotation>-0.43021110696776238 -0.90272830044695251 -0.00013789027912267424 0.90272830785501412 -0.43021111316660365 1.7469245257913535e-05 -7.5091912557986645e-05 -0.00011696199500176896 0.99999999034054809</Rotation>
<Translation>0.13666003770049914 0.017015078507902435 0.089736054287166883</Translation>
</Transform>
<VisualProperties>
<Ambient r="0" g="0" b="0" a="1"/>
<Diffuse r="0" g="0" b="0" a="1"/>
<Specular r="0" g="0" b="0" a="1"/>
<Emissive r="0" g="0" b="0" a="1"/>
<Shininess>0.10000000149011612</Shininess>
</VisualProperties>
</Instance>
<Instance name="Part 21-2" uid="Part 21-2" entityUid="Part 21*:*Default">
<Transform>
<Rotation>0.12568484224055537 -0.99207020992328854 -0.00013789027912223501 0.99207021950614316 0.12568484102650868 1.7469245257962771e-05 3.1047483951226664e-16 -0.00013899245881086764 0.99999999034054798</Rotation>
<Translation>0.10980714477205483 0.01093133585193207 0.098782457900041087</Translation>
</Transform>
<VisualProperties>
<Ambient r="0" g="0" b="0" a="1"/>
<Diffuse r="0" g="0" b="0" a="1"/>
<Specular r="0" g="0" b="0" a="1"/>
<Emissive r="0" g="0" b="0" a="1"/>
<Shininess>0.10000000149011612</Shininess>
</VisualProperties>
</Instance>
<Instance name="SG90 - Micro Servo 9g - Tower Pro.2-4" uid="SG90 - Micro Servo 9g - Tower Pro.2-4" entityUid="SG90 - Micro Servo 9g - Tower Pro.2*:*Peça">
<Transform>
<Rotation>-0.91536996385408975 0.00013789027924502901 -0.40261372338760804 0.40261372494878966 -1.7469245276243917e-05 -0.91536997338654602 -0.00013325397912822561 -0.99999999034054809 -3.9525696543996274e-05</Rotation>
<Translation>0.10763415073526157 0.011476442387411205 0.086982148628715367</Translation>
</Transform>
<VisualProperties>
<Ambient r="1" g="1" b="1" a="0.25"/>
<Diffuse r="1" g="1" b="1" a="0.25"/>
